//Arsinoé

//Morts-Vivants

3800,Bilal,Bilal,Bilal,66,12666,30000,50000,5000,11,1200,1400,10,50,20,30,30,40,90,66,14,11,0,3,89,404,110,1300,286,540,0,0,0,0,0,0,0,0,0,0,0,0,0,0,0,0,0,0,0,0,0,0,0,0,0,0,29013,10000
3801,Soldat Gomorrhien,Soldat Gomorrhien,Soldat Gomorrhien,60,30000,300,5000,5000,2,300,600,50,10,50,60,30,10,150,30,14,8,1,1,67,405,160,880,286,340,0,0,0,0,0,0,0,0,0,0,0,0,0,0,0,0,0,0,0,0,0,0,0,0,0,0,0,0
3802,Capitaine Gomorrhien,Capitaine Gomorrhien,Capitaine Gomorrhien,88,60666,63000,30000,10000,2,1200,800,90,10,70,90,50,10,50,10,14,12,1,1,89,405,110,420,286,340,0,0,0,0,0,0,0,0,0,0,0,0,0,0,0,0,0,0,0,0,0,0,0,0,0,0,0,0
3803,Ambition,Ambition,Ambition,103,90460,63000,50000,25000,2,7600,8000,0,0,66,66,66,66,66,66,14,12,1,1,89,405,110,700,286,340,0,0,0,0,0,0,0,0,0,0,0,0,0,0,0,0,0,0,0,0,0,0,0,0,0,0,0,0
3804,Turlutte,Turlutte,Turlutte,30,1500,2000,5000,1000,2,200,400,1,99,10,30,10,10,99,10,14,12,1,6,89,405,110,600,286,340,0,0,0,0,0,0,0,0,0,0,0,0,0,0,0,0,0,0,0,0,0,0,0,0,0,0,0,0
3805,Mage Liche,Mage Liche,Mage Liche,97,170000,63000,9999,9999,2,18000,3000,20,99,50,50,20,90,120,15,14,12,2,6,89,404,110,680,286,340,0,0,0,0,0,0,0,0,0,0,0,0,0,0,0,0,0,0,0,0,0,0,0,0,0,0,0,0
3806,Roi de Gomorrhe,Roi de Gomorrhe,Roi de Gomorrhe,130,4530666,63000,5000000,500000,2,8900,10000,50,150,141,89,80,10,120,43,15,15,2,1,69,2549,130,380,286,340,8555000,1,0,0,0,0,0,0,0,0,0,0,0,0,0,0,0,0,0,0,0,0,0,0,0,0,0,0
3807,Roi de Gomorrhe2,Roi de Gomorrhe2,Roi de Gomorrhe2,130,4530666,63000,5000000,500000,2,8900,10000,50,150,141,89,80,10,120,43,15,15,2,1,69,2485,130,380,286,340,8555000,1,0,0,0,0,0,0,0,0,0,0,0,0,0,0,0,0,0,0,0,0,0,0,0,0,0,0

//contrebandiers

3808,Contrebandier,Contrebandier,Contrebandier,65,32666,3000,8000,8000,2,2400,1800,40,15,99,89,50,10,60,20,15,15,1,1,69,437,130,580,286,340,0,0,0,0,0,0,0,0,0,0,0,0,0,0,0,0,0,0,0,0,0,0,0,0,0,0,0,0
3809,Jorbert Surcouf,Jorbert Surcouf,Jorbert Surcouf,65,286000,3000,168000,68000,2,4500,3000,50,35,120,60,50,10,95,20,15,15,1,7,60,405,130,380,286,340,0,0,0,0,0,0,0,0,0,0,0,0,0,0,0,0,0,0,0,0,0,0,0,0,0,0,0,0

//orcs

3810,Guerrier Orc,Guerrier Orc,Guerrier Orc,45,23000,3000,8000,6000,2,2500,1000,20,20,99,30,10,10,80,10,15,15,1,7,62,405,150,580,286,340,0,0,0,0,0,0,0,0,0,0,0,0,0,0,0,0,0,0,0,0,0,0,0,0,0,0,29044,10000
3811,Brigadier Orc,Brigadier Orc,Brigadier Orc,60,68000,5000,68000,6800,2,500,3000,40,40,120,60,50,10,65,0,15,15,1,7,62,405,160,480,286,340,0,0,0,0,0,0,0,0,0,0,0,0,0,0,0,0,0,0,0,0,0,0,0,0,0,0,29044,10000
3812,Traqueur Orc,Traqueur Orc,Traqueur Orc,70,40000,3000,68000,20000,10,8000,5000,60,0,60,80,30,10,120,20,15,15,1,7,60,405,150,480,286,340,0,0,0,0,0,0,0,0,0,0,0,0,0,0,0,0,0,0,0,0,0,0,0,0,0,0,29044,10000
3813,Gerwioke,Gerwioke,Gerwioke,95,520890,9000,168000,68000,2,8500,5000,60,60,150,60,50,10,100,10,15,15,1,7,87,405,130,400,286,340,0,0,0,0,0,0,0,0,0,0,0,0,0,0,0,0,0,0,0,0,0,0,0,0,0,0,0,0

//Armée des Ombres

3814,Sombre Miroir,Sombre Miroir,Sombre Miroir,50,32000,2000,10000,3000,2,2500,100,0,99,30,99,30,60,30,10,15,15,1,6,67,405,150,700,286,340,0,0,0,0,0,0,0,0,0,0,0,0,0,0,0,0,0,0,0,0,0,0,0,0,0,0,0,0
3815,Aggripa,Aggripa,Aggripa,95,520890,9000,168000,68000,2,2500,1200,30,30,150,60,50,10,100,10,15,15,1,6,87,405,130,400,286,340,0,0,0,0,0,0,0,0,0,0,0,0,0,0,0,0,0,0,0,0,0,0,0,0,0,0,0,0
3816,Prophète du Malheur,Prophète du Malheur,Prophète du Malheur,99,65000,9000,16800,6800,2,8500,5000,10,99,20,60,60,120,120,30,15,15,0,7,87,405,140,650,286,340,0,0,0,0,0,0,0,0,0,0,0,0,0,0,0,0,0,0,0,0,0,0,0,0,0,0,0,0
3817,Chevalier Noir,Chevalier Noir,Chevalier Noir,100,88000,1000,16800,6800,2,5000,3000,25,25,99,55,80,0,70,30,15,15,2,6,67,405,100,350,286,340,0,0,0,0,0,0,0,0,0,0,0,0,0,0,0,0,0,0,0,0,0,0,0,0,0,0,0,0
3818,Seigneur des Ombres,Seigneur des Ombres,Seigneur des Ombres,120,680000,100,16800,6800,2,20000,8000,55,55,150,50,80,99,150,30,15,15,2,6,67,405,130,450,286,340,0,0,0,0,0,0,0,0,0,0,0,0,0,0,0,0,0,0,0,0,0,0,0,0,0,0,0,0

//Bandits

3819,Bandit,Bandit,Bandit,65,23000,2000,1680,680,2,1000,500,25,25,60,40,30,10,40,20,15,15,1,6,67,405,150,400,286,340,0,0,0,0,0,0,0,0,0,0,0,0,0,0,0,0,0,0,0,0,0,0,0,0,0,0,29000,10000
3820,Chef Bandit,Chef Bandit,Chef Bandit,80,68000,1000,16800,6800,2,4000,2000,40,20,100,50,80,30,50,0,15,15,1,7,60,405,130,450,286,340,0,0,0,0,0,0,0,0,0,0,0,0,0,0,0,0,0,0,0,0,0,0,0,0,0,0,29000,10000
3821,Seigneur des Bandits,Seigneur des Bandits,Seigneur des Bandits,112,23000,2000,16800,6800,1,5000,4000,80,20,120,40,65,22,40,99,15,15,1,7,60,405,150,200,286,340,0,0,0,0,0,0,0,0,0,0,0,0,0,0,0,0,0,0,0,0,0,0,0,0,0,0,29000,10000

//Armée Gobeline

3822,Soldat Gobelin1,Soldat Gobelin1,Soldat Gobelin1,56,32000,2000,16800,6800,1,1000,500,30,40,65,20,35,1,45,1,15,15,1,7,63,405,150,500,286,340,0,0,0,0,0,0,0,0,0,0,0,0,0,0,0,0,0,0,0,0,0,0,0,0,0,0,29015,10000
3823,Soldat Gobelin2,Soldat Gobelin2,Soldat Gobelin2,56,36000,2000,16800,6800,1,1500,90,60,0,75,30,10,1,20,1,15,15,0,7,62,405,150,550,286,340,0,0,0,0,0,0,0,0,0,0,0,0,0,0,0,0,0,0,0,0,0,0,0,0,0,0,29015,10000
3824,Soldat Gobelin3,Soldat Gobelin3,Soldat Gobelin3,60,43000,2000,16800,6800,1,1200,500,20,20,65,30,35,1,45,1,15,15,0,7,82,405,150,500,286,340,0,0,0,0,0,0,0,0,0,0,0,0,0,0,0,0,0,0,0,0,0,0,0,0,0,0,0,0
3825,Archer Gobelin,Archer Gobelin,Archer Gobelin,70,32000,2000,16800,6800,10,3000,1500,42,21,20,60,15,0,78,0,15,15,0,7,64,405,150,400,286,340,0,0,0,0,0,0,0,0,0,0,0,0,0,0,0,0,0,0,0,0,0,0,0,0,0,0,29015,10000
3826,Lieutenant Gobelin,Lieutenant Gobelin,Lieutenant Gobelin,82,68000,2000,56800,6800,1,5000,3000,56,48,102,53,45,15,30,30,15,15,1,7,85,405,140,390,286,340,0,0,0,0,0,0,0,0,0,0,0,0,0,0,0,0,0,0,0,0,0,0,0,0,0,0,29015,10000
3827,Sniper Gobelin,Sniper Gobelin,Sniper Gobelin,99,110000,2000,16800,6800,0,8000,6000,60,50,40,30,25,99,99,0,15,15,1,7,63,405,150,500,286,340,0,0,0,0,0,0,0,0,0,0,0,0,0,0,0,0,0,0,0,0,0,0,0,0,0,0,29015,10000
3828,Panzer Gobelin,Panzer Gobelin,Panzer Gobelin,112,150000,2000,16800,6800,1,15000,12000,80,30,112,40,130,1,40,1,15,15,2,7,62,405,200,700,286,540,0,0,0,0,0,0,0,0,0,0,0,0,0,0,0,0,0,0,0,0,0,0,0,0,0,0,29015,10000
3829,Trappeur Gobelin,Trappeur Gobelin,Trappeur Gobelin,82,23000,2000,16800,6800,1,5200,3000,53,48,120,40,70,12,68,1,15,15,1,7,60,405,150,480,286,340,0,0,0,0,0,0,0,0,0,0,0,0,0,0,0,0,0,0,0,0,0,0,0,0,0,0,29015,10000
3830,Général Toadinne,Général Toadinne,Général Toadinne,130,950000,2000,16800,6800,1,23000,14000,50,99,200,20,35,21,99,0,15,15,1,7,62,405,130,410,286,340,0,0,0,0,0,0,0,0,0,0,0,0,0,0,0,0,0,0,0,0,0,0,0,0,0,0,29015,10000
3831,Héros Gobelin,Héros Gobelin,Héros Gobelin,83,185000,2000,16800,6800,1,9000,4000,60,60,63,99,80,20,20,1,15,15,1,7,82,405,110,350,286,340,0,0,0,0,0,0,0,0,0,0,0,0,0,0,0,0,0,0,0,0,0,0,0,0,0,0,0,0
3832,Roi Kiasok,Roi Kiasok,Roi Kiasok,160,6000000,2000,16800,6800,1,30000,16000,68,99,110,67,98,48,50,32,15,15,1,7,67,405,120,300,286,340,0,0,0,0,0,0,0,0,0,0,0,0,0,0,0,0,0,0,0,0,0,0,0,0,0,0,29015,10000
3833,Esclave Minotaure,Esclave Minotaure,Esclave Minotaure,79,56000,2000,16800,6800,1,5000,4000,30,30,150,30,99,0,30,0,15,15,1,7,82,405,160,420,286,340,0,0,0,0,0,0,0,0,0,0,0,0,0,0,0,0,0,0,0,0,0,0,0,0,0,0,29045,10000
3834,Maitre Minotaure,Maitre Minotaure,Maitre Minotaure,92,58000,2000,16800,6800,10,5000,4000,45,22,25,99,65,22,99,30,15,15,1,7,62,405,150,300,286,340,0,0,0,0,0,0,0,0,0,0,0,0,0,0,0,0,0,0,0,0,0,0,0,0,0,0,0,0

//Plante

3835,Lophophora,Lophophora,Lophophora,94,350000,2000,16800,6800,0,12000,4000,99,12,25,100,70,86,99,0,15,15,2,3,64,405,150,490,286,340,0,0,0,0,0,0,0,0,0,0,0,0,0,0,0,0,0,0,0,0,0,0,0,0,0,0,0,0

//Monstres des Montagnes

3836,Yeti,Yeti,Yeti,62,41000,2000,16800,6800,1,1200,800,50,10,99,20,70,1,40,1,15,15,2,2,62,405,150,450,286,340,0,0,0,0,0,0,0,0,0,0,0,0,0,0,0,0,0,0,0,0,0,0,0,0,0,0,0,0
3837,Lion des Montagnes,Lion des Montagnes,Lion des Montagnes,60,18000,2000,16800,6800,1,4000,2000,40,40,83,80,30,23,30,5,15,15,0,2,62,405,140,420,286,340,0,0,0,0,0,0,0,0,0,0,0,0,0,0,0,0,0,0,0,0,0,0,0,0,0,0,0,0
3838,Mammouth,Mammouth,Mammouth,83,89020,2000,16800,6800,1,5000,3000,60,0,80,0,99,1,40,1,15,15,1,2,62,405,180,600,286,340,0,0,0,0,0,0,0,0,0,0,0,0,0,0,0,0,0,0,0,0,0,0,0,0,0,0,29014,10000
3839,Marmotte Enragée,Marmotte Enragée,Marmotte Enragée,42,8400,2000,16800,6800,1,1000,500,15,15,65,20,1,10,45,1,15,15,0,2,62,405,150,300,286,340,0,0,0,0,0,0,0,0,0,0,0,0,0,0,0,0,0,0,0,0,0,0,0,0,0,0,29012,10000

//Monstres des Cavernes

3840,Ame-en-Peine,Ame-en-Peine,Ame-en-Peine,86,47000,2000,16800,6800,1,3000,1500,0,90,72,40,0,99,56,10,15,15,1,6,87,405,170,500,286,340,0,0,0,0,0,0,0,0,0,0,0,0,0,0,0,0,0,0,0,0,0,0,0,0,0,0,29051,10000
3841,Gardien des Tombes,Gardien des Tombes,Gardien des Tombes,59,27000,2000,16800,6800,1,4000,2500,40,40,85,40,30,1,40,40,15,15,1,0,67,405,150,500,286,340,0,0,0,0,0,0,0,0,0,0,0,0,0,0,0,0,0,0,0,0,0,0,0,0,0,0,29051,10000
3842,Rodeur,Rodeur,Rodeur,69,32000,2000,16800,6800,8,3200,1800,56,36,20,80,1,20,99,53,15,15,1,6,67,405,150,520,286,340,0,0,0,0,0,0,0,0,0,0,0,0,0,0,0,0,0,0,0,0,0,0,0,0,0,0,29051,10000

//Enfants de Danifae

3843,Calliope,Calliope,Calliope,99,532000,2000,16800,6800,1,10000,5000,60,60,73,52,40,30,52,63,15,15,1,7,88,405,150,400,286,340,0,0,0,0,0,0,0,0,0,0,0,0,0,0,0,0,0,0,0,0,0,0,0,0,0,0,0,0
3844,Euterpe,Euterpe,Euterpe,108,850000,2000,16800,6800,4,16000,8000,10,150,99,40,60,10,40,52,15,15,1,8,69,405,150,430,286,340,0,0,0,0,0,0,0,0,0,0,0,0,0,0,0,0,0,0,0,0,0,0,0,0,0,0,0,0
3845,Uranie,Uranie,Uranie,99,569002,2000,16800,6800,1,19000,9000,99,10,90,60,35,86,30,20,15,15,2,7,67,405,170,500,286,340,0,0,0,0,0,0,0,0,0,0,0,0,0,0,0,0,0,0,0,0,0,0,0,0,0,0,0,0

//Tour des Etoiles

3846,Saigneur,Saigneur,Saigneur,32,3200,2000,16800,6800,1,4200,1200,50,10,10,80,2,1,85,65,15,15,0,2,64,405,110,300,286,340,0,0,0,0,0,0,0,0,0,0,0,0,0,0,0,0,0,0,0,0,0,0,0,0,0,0,29046,10000
3847,Hacheur,Hacheur,Hacheur,84,120000,2000,16800,6800,1,25000,12000,90,12,110,20,99,1,76,1,15,15,2,7,68,405,180,500,286,340,0,0,0,0,0,0,0,0,0,0,0,0,0,0,0,0,0,0,0,0,0,0,0,0,0,0,0,0
3848,Guerrier des Etoiles,Guerrier des Etoiles,Guerrier des Etoiles,58,36000,2000,16800,6800,1,1200,800,50,10,65,30,30,15,50,30,15,15,1,7,60,405,150,350,286,340,0,0,0,0,0,0,0,0,0,0,0,0,0,0,0,0,0,0,0,0,0,0,0,0,0,0,0,0
3849,Archer des Etoiles,Archer des Etoiles,Archer des Etoiles,72,41000,2000,16800,6800,9,8000,5000,40,40,10,99,20,1,65,30,15,15,2,7,80,405,150,400,286,340,0,0,0,0,0,0,0,0,0,0,0,0,0,0,0,0,0,0,0,0,0,0,0,0,0,0,0,0
3850,NachtStern,NachtStern,NachtStern,110,3800000,5000,16800,6800,1,51000,18000,60,60,120,32,1,99,65,30,15,15,2,2,62,405,130,400,286,340,0,0,0,0,0,0,0,0,0,0,0,0,0,0,0,0,0,0,0,0,0,0,0,0,0,0,0,0

//Jungle

3851,Jaguar,Jaguar,Jaguar,58,31000,2000,16800,6800,1,300,1800,30,10,60,70,56,1,40,1,15,15,1,2,60,405,130,450,286,340,0,0,0,0,0,0,0,0,0,0,0,0,0,0,0,0,0,0,0,0,0,0,0,0,0,0,0,0
3852,Poulpe de la Jungle,Poulpe de la Jungle,Poulpe de la Jungle,36,12000,2000,16800,6800,1,1200,800,10,10,40,20,20,20,30,1,15,15,0,2,65,405,150,650,286,340,0,0,0,0,0,0,0,0,0,0,0,0,0,0,0,0,0,0,0,0,0,0,0,0,0,0,29008,10000
3853,Dragornica,Dragornica,Dragornica,75,71000,2000,16800,6800,1,6200,2800,40,40,80,40,70,30,40,15,15,15,1,2,62,405,150,450,286,340,0,0,0,0,0,0,0,0,0,0,0,0,0,0,0,0,0,0,0,0,0,0,0,0,0,0,0,0

//Lotus

3854,Lotus Noir,Lotus Noir,Lotus Noir,1,10,2000,0,0,0,0,0,40,40,0,0,0,0,0,0,15,15,1,3,65,468,150,450,286,340,0,0,0,0,0,0,0,0,0,0,0,0,0,0,0,0,0,0,0,0,0,0,0,0,0,0,29010,10000

//Temple Solitude

3855,Gayzoir,Gayzoir,Gayzoir,110,3200000,20000,0,0,2,15000,8000,40,40,50,99,99,80,120,20,15,15,1,6,61,1461,150,550,286,340,0,0,0,0,0,0,0,0,0,0,0,0,0,0,0,0,0,0,0,0,0,0,0,0,0,0,29010,10000

//Chef Bandit

3856,Raymond Barre,Raymond Barre,Raymond Barre,110,6200000,20000,0,0,2,25000,8000,55,80,150,99,99,80,120,50,15,15,2,7,62,2485,120,390,286,340,0,0,0,0,0,0,0,0,0,0,0,0,0,0,0,0,0,0,0,0,0,0,0,0,0,0,29010,10000

//Dragon de Gondar

3857,Dragon de Gondar,Dragon de Gondar,Dragon de Gondar,170,8200000,150000,0,0,4,35000,8000,45,80,250,20,120,200,120,50,15,15,2,9,83,437,150,390,286,540,0,0,0,0,0,0,0,0,0,0,0,0,0,0,0,0,0,0,0,0,0,0,0,0,0,0,0,0

//Lalibela

3858,Taedium Lambert,Taedium Lambert,Taedium Lambert,120,4100000,150000,0,0,2,23000,8000,50,25,170,50,100,200,90,20,15,15,1,2,67,437,120,390,286,490,0,0,0,0,0,0,0,0,0,0,0,0,0,0,0,0,0,0,0,0,0,0,0,0,0,0,0,0
3859,Maestro Ulver,Maestro Ulver,Maestro Ulver,130,2900000,150000,0,0,2,19000,5000,40,40,99,30,30,200,160,20,15,15,1,7,63,437,160,790,286,840,0,0,0,0,0,0,0,0,0,0,0,0,0,0,0,0,0,0,0,0,0,0,0,0,0,0,0,0

//Académie

3860,Ismail,Ismail,Ismail,150,3200000,950000,0,0,1,53000,10000,90,30,200,90,99,120,110,0,15,15,0,2,68,437,130,490,286,840,0,0,0,0,0,0,0,0,0,0,0,0,0,0,0,0,0,0,0,0,0,0,0,0,0,0,0,0

//Salle Royale

3861,Gayssoterie,Gayssoterie,Gayssoterie,150,1200000,950000,0,0,2,103000,40000,90,90,200,10,90,60,90,10,15,15,2,6,68,437,130,490,286,840,0,0,0,0,0,0,0,0,0,0,0,0,0,0,0,0,0,0,0,0,0,0,0,0,0,0,0,0
3862,Fabiussonet,Fabiussonet,Fabiussonet,150,4200000,950000,0,0,1,53000,10000,10,99,150,90,10,150,90,20,15,15,1,6,65,437,160,590,286,840,0,0,0,0,0,0,0,0,0,0,0,0,0,0,0,0,0,0,0,0,0,0,0,0,0,0,0,0

//Combat Final

3863,Mage Gris,Mage Gris,Mage Gris,115,5000,950000,0,0,1,32000,8000,50,50,50,20,50,250,90,20,15,15,2,2,69,500,160,590,286,840,0,0,0,0,0,0,0,0,0,0,0,0,0,0,0,0,0,0,0,0,0,0,0,0,0,0,0,0
3864,Sombre Acolyte,Sombre Acolyte,Sombre Acolyte,99,160000,950000,0,0,1,23000,5000,20,20,150,100,10,1,50,1,15,15,1,6,68,437,160,350,286,840,0,0,0,0,0,0,0,0,0,0,0,0,0,0,0,0,0,0,0,0,0,0,0,0,0,0,0,0
3865,Shandalar,Shandalar,Shandalar,250,9000000,950000,0,0,3,73000,10000,80,80,200,120,99,150,150,80,15,15,1,6,67,437,130,290,286,840,0,0,0,0,0,0,0,0,0,0,0,0,0,0,0,0,0,0,0,0,0,0,0,0,0,0,0,0

//Gondar

3866,Gardien de Gondar,Gardien de Gondar,Gardien de Gondar,77,24324,0,6470,3879,1,1541,2049,65,50,1,57,115,70,76,68,10,12,2,0,83,12437,400,2190,2040,336,0,0,0,0,0,0,0,0,0,0,0,0,0,0,0,0,0,0,0,0,0,0,0,0,0,0,29016,80

//Empire de Rana

3867,Trent,Trent,Trent,56,44324,0,6470,3879,1,4541,2049,40,20,120,12,120,0,43,0,10,12,2,3,62,149,170,590,2040,336,0,0,0,0,0,0,0,0,0,0,0,0,0,0,0,0,0,0,0,0,0,0,0,0,29048,10000,29016,80
3868,Souffleur Trent,Souffleur Trent,Souffleur Trent,56,34324,0,6470,3879,1,2841,2049,30,75,20,10,115,0,100,0,10,12,2,3,62,149,170,390,2040,336,0,0,0,0,0,0,0,0,0,0,0,0,0,0,0,0,0,0,0,0,0,0,0,0,0,0,29048,10000
3869,Sylphide,Sylphide,Sylphide,65,52300,0,6470,3879,1,3200,1800,62,20,40,75,20,56,60,0,10,12,1,3,62,149,120,590,2040,336,0,0,0,0,0,0,0,0,0,0,0,0,0,0,0,0,0,0,0,0,0,0,0,0,0,0,29047,10000
3870,Déesse de Rana,Déesse de Rana,Déesse de Rana,160,2350010,0,0,0,1,23000,15000,70,50,85,80,140,100,110,35,10,12,2,2,62,181,160,590,2040,336,0,0,0,0,0,0,0,0,0,0,0,0,0,0,0,0,0,0,0,0,0,0,0,0,0,0,29048,10000
3871,Héros Rana,Héros Rana,Héros Rana,99,1200000,0,6470,3879,1,16000,6000,45,20,140,50,60,35,120,40,10,12,1,3,62,149,120,490,2040,336,0,0,0,0,0,0,0,0,0,0,0,0,0,0,0,0,0,0,0,0,0,0,0,0,0,0,29016,80
3872,Assassin Rana,Assassin Rana,Assassin Rana,99,890000,0,0,0,1,1541,2049,80,99,95,90,30,50,80,20,10,12,0,2,68,181,100,290,2040,336,1,1,0,0,0,0,0,0,0,0,0,0,0,0,0,0,0,0,0,0,0,0,0,0,0,0,29048,10000
3873,Guerrier Rana,Guerrier Rana,Guerrier Rana,62,63000,0,0,0,1,8000,2000,40,30,75,50,30,10,80,20,10,12,1,3,62,149,400,450,2040,336,0,0,0,0,0,0,0,0,0,0,0,0,0,0,0,0,0,0,0,0,0,0,0,0,0,0,29048,10000
3874,Cracheur Rana,Cracheur Rana,Cracheur Rana,53,36000,0,6470,3879,8,4500,3000,35,20,20,55,45,10,95,30,10,12,1,3,62,149,120,480,2040,336,0,0,0,0,0,0,0,0,0,0,0,0,0,0,0,0,0,0,0,0,0,0,0,0,0,0,29048,10000
3875,Bombe,Bombe,Bombe,1,100,0,0,0,1,0,0,45,20,1,1,1,1,1,1,10,12,1,3,62,84,120,490,2040,336,0,0,0,0,0,0,0,0,0,0,0,0,0,0,0,0,0,0,0,0,0,0,0,0,0,0,0,0

//OmbreTerre

3876,Soldat Da Urdein,Soldat Da Urdein,Soldat Da Urdein,74,43000,2000,0,0,1,5000,4000,45,20,70,50,20,20,50,1,10,12,1,7,69,149,130,490,2040,336,0,0,0,0,0,0,0,0,0,0,0,0,0,0,0,0,0,0,0,0,0,0,0,0,0,0,0,0
3877,Capitaine Da Urdein,Capitaine Da Urdein,Capitaine Da Urdein,89,120000,5000,0,0,2,8500,5000,70,40,120,65,30,40,30,20,10,12,1,7,69,149,120,490,2040,336,0,0,0,0,0,0,0,0,0,0,0,0,0,0,0,0,0,0,0,0,0,0,0,0,0,0,0,0
3878,Incantateur Liche,Incantateur Liche,Incantateur Liche,150,1200000,5000,0,0,1,19000,5000,45,80,120,30,1,130,150,1,10,12,1,7,68,148,120,590,2040,336,0,0,0,0,0,0,0,0,0,0,0,0,0,0,0,0,0,0,0,0,0,0,0,0,0,0,0,0
3879,Koverich Orlie,Koverich Orlie,Koverich Orlie,170,4500000,6000,0,0,1,42000,20000,65,60,120,90,1,80,50,1,10,12,1,7,69,181,110,400,2040,336,1,1,0,0,0,0,0,0,0,0,0,0,0,0,0,0,0,0,0,0,0,0,0,0,0,0,0,0
3880,Moine Liche,Moine Liche,Moine Liche,95,72000,3000,0,0,2,12000,7000,99,20,99,150,20,30,120,10,10,12,1,7,69,149,130,490,2040,336,0,0,0,0,0,0,0,0,0,0,0,0,0,0,0,0,0,0,0,0,0,0,0,0,0,0,0,0
3881,Ladonnai,Ladonnai,Ladonnai,180,2000500,5000,0,0,2,12000,7000,20,80,1,150,1,100,120,120,10,12,1,7,61,181,110,350,2040,336,0,0,0,0,0,0,0,0,0,0,0,0,0,0,0,0,0,0,0,0,0,0,0,0,0,0,0,0
3882,Sirène,Sirène,Sirène,71,58000,3000,0,0,2,12000,7000,40,40,80,70,80,25,50,15,10,12,0,7,61,149,130,490,2040,336,0,0,0,0,0,0,0,0,0,0,0,0,0,0,0,0,0,0,0,0,0,0,0,0,0,0,0,0
3883,Grand Mushush,Grand Mushush,Grand Mushush,92,68000,3000,0,0,2,15000,7000,40,30,120,1,80,50,120,90,10,12,0,3,62,149,160,490,2040,336,0,0,0,0,0,0,0,0,0,0,0,0,0,0,0,0,0,0,0,0,0,0,0,0,0,0,29049,10000
3884,Mushush,Mushush,Mushush,35,24000,3000,0,0,2,6000,2000,40,40,120,20,80,10,20,10,10,12,1,3,62,149,110,290,2040,336,0,0,0,0,0,0,0,0,0,0,0,0,0,0,0,0,0,0,0,0,0,0,0,0,0,0,29049,10000
3885,Garde de la Sphère,Garde de la Sphère,Garde de la Sphère,78,59000,3000,0,0,2,12000,20000,60,45,120,20,90,20,70,10,10,12,1,0,67,149,100,420,2040,336,0,0,0,0,0,0,0,0,0,0,0,0,0,0,0,0,0,0,0,0,0,0,0,0,0,0,0,0
3886,Brigadier Da Urdein,Brigadier Da Urdein,Brigadier Da Urdein,95,350830,3000,0,0,2,26000,8000,70,50,150,60,50,30,130,10,10,12,2,7,68,149,130,390,2040,336,0,0,0,0,0,0,0,0,0,0,0,0,0,0,0,0,0,0,0,0,0,0,0,0,0,0,0,0
3887,Rupoldic'h,Rupoldic'h,Rupoldic'h,160,6500000,3000,0,0,2,32000,15000,80,60,120,60,80,160,30,10,10,12,2,7,88,181,120,350,2040,336,0,0,0,0,0,0,0,0,0,0,0,0,0,0,0,0,0,0,0,0,0,0,0,0,0,0,0,0

//Urunesti

3888,Shogunka,Shogunka,Shogunka,160,3500000,3000,0,0,2,32000,15000,80,60,150,60,4,95,120,10,10,12,2,7,68,149,120,350,2040,336,0,0,0,0,0,0,0,0,0,0,0,0,0,0,0,0,0,0,0,0,0,0,0,0,0,0,0,0
3889,TShogunka,TShogunka,TShogunka,160,40000,3000,0,0,2,32000,15000,80,60,120,60,80,160,30,10,10,12,2,7,68,149,120,350,2040,336,0,0,0,0,0,0,0,0,0,0,0,0,0,0,0,0,0,0,0,0,0,0,0,0,0,0,0,0

//Sidon

3890,Jelly,Jelly,Jelly,70,42000,3000,0,0,2,10000,6000,30,20,80,50,1,20,50,0,10,12,0,2,61,149,100,450,2040,336,0,0,0,0,0,0,0,0,0,0,0,0,0,0,0,0,0,0,0,0,0,0,0,0,0,0,29050,10000
3891,Fossoyeur,Fossoyeur,Fossoyeur,72,62000,3000,0,0,2,16000,8000,40,23,85,60,80,160,30,10,10,12,1,2,61,149,100,350,2040,336,0,0,0,0,0,0,0,0,0,0,0,0,0,0,0,0,0,0,0,0,0,0,0,0,0,0,29050,10000
3892,Festin de Pierre,Festin de Pierre,Festin de Pierre,180,4900000,3000,0,0,8,53000,18000,67,80,98,120,140,60,50,60,15,15,2,3,62,181,100,350,2040,336,0,0,0,0,0,0,0,0,0,0,0,0,0,0,0,0,0,0,0,0,0,0,0,0,0,0,0,0
3893,Gardien de Sidon,Gardien de Sidon,Gardien de Sidon,98,120000,3000,0,0,2,28000,15000,70,15,120,75,80,24,50,10,10,12,1,3,61,149,100,350,2040,336,0,0,0,0,0,0,0,0,0,0,0,0,0,0,0,0,0,0,0,0,0,0,0,0,0,0,29050,10000
3894,Sidonnien,Sidonnien,Sidonnien,100,160000,3000,0,0,2,32000,20000,75,55,150,60,80,10,150,10,10,12,2,5,68,149,120,350,2040,336,0,0,0,0,0,0,0,0,0,0,0,0,0,0,0,0,0,0,0,0,0,0,0,0,0,0,0,0
3895,Esprit Tortue,Esprit Tortue,Esprit Tortue,100,68000000,3000,0,0,2,53000,27000,20,75,200,120,1,80,190,25,10,12,0,2,62,149,120,330,2040,336,0,0,0,0,0,0,0,0,0,0,0,0,0,0,0,0,0,0,0,0,0,0,0,0,0,0,0,0

//Kargah

3896,Larve de Kargah,Larve de Kargah,Larve de Kargah,26,28000,3000,0,0,2,6000,2000,99,50,70,150,0,0,150,0,10,12,1,0,65,149,120,450,2040,336,0,0,0,0,0,0,0,0,0,0,0,0,0,0,0,0,0,0,0,0,0,0,0,0,0,0,0,0
3897,Grande Larve,Grande Larve,Grande Larve,180,8000000,3000,0,0,2,42000,20000,90,40,180,180,0,0,150,0,10,12,2,0,65,149,120,350,2040,336,0,0,0,0,0,0,0,0,0,0,0,0,0,0,0,0,0,0,0,0,0,0,0,0,0,0,0,0
3898,Protecteur,Protecteur,Protecteur,160,1850000,3000,0,0,2,55000,20000,40,50,220,100,0,90,60,20,10,12,2,8,64,149,100,350,2040,336,0,0,0,0,0,0,0,0,0,0,0,0,0,0,0,0,0,0,0,0,0,0,0,0,0,0,0,0
3899,Djoser,Djoser,Djoser,190,2850000,3000,0,0,2,55000,20000,20,90,150,150,150,70,99,53,10,12,1,7,69,181,130,390,2040,336,1,1,0,0,0,0,0,0,0,0,0,0,0,0,0,0,0,0,0,0,0,0,0,0,0,0,0,0

//Entrainement des Mages

3900,Eporing1,Eporing1,Eporing1,1,1,1,0,0,1,1,1,1,1,1,1,1,1,1,1,10,12,1,3,60,0,100,1872,672,480,0,0,0,0,0,0,0,0,0,0,0,0,0,0,0,0,0,0,0,0,0,0,0,0,0,0,0,0
3901,Eporing2,Eporing2,Eporing2,1,1,1,0,0,1,1,1,1,1,1,1,1,1,1,1,10,12,1,3,60,0,100,1872,672,480,0,0,0,0,0,0,0,0,0,0,0,0,0,0,0,0,0,0,0,0,0,0,0,0,0,0,0,0
3902,Eporing3,Eporing3,Eporing3,1,1,1,0,0,1,1,1,1,1,1,1,1,1,1,1,10,12,1,3,60,0,100,1872,672,480,0,0,0,0,0,0,0,0,0,0,0,0,0,0,0,0,0,0,0,0,0,0,0,0,0,0,0,0
3903,Eporing4,Eporing4,Eporing4,1,1,1,0,0,1,1,1,1,1,1,1,1,1,1,1,10,12,1,3,60,0,100,1872,672,480,0,0,0,0,0,0,0,0,0,0,0,0,0,0,0,0,0,0,0,0,0,0,0,0,0,0,0,0
3904,Eporing5,Eporing5,Eporing5,1,1,1,0,0,1,1,1,1,1,1,1,1,1,1,1,10,12,1,3,60,0,100,1872,672,480,0,0,0,0,0,0,0,0,0,0,0,0,0,0,0,0,0,0,0,0,0,0,0,0,0,0,0,0
3905,Eporing6,Eporing6,Eporing6,1,1,1,0,0,1,1,1,1,1,1,1,1,1,1,1,10,12,1,3,60,0,100,1872,672,480,0,0,0,0,0,0,0,0,0,0,0,0,0,0,0,0,0,0,0,0,0,0,0,0,0,0,0,0
3906,Eporing7,Eporing7,Eporing7,1,1,1,0,0,1,1,1,1,1,1,1,1,1,1,1,10,12,1,3,60,0,100,1872,672,480,0,0,0,0,0,0,0,0,0,0,0,0,0,0,0,0,0,0,0,0,0,0,0,0,0,0,0,0
3907,Eporing8,Eporing8,Eporing8,1,1,1,0,0,1,1,1,1,1,1,1,1,1,1,1,10,12,1,3,60,0,100,1872,672,480,0,0,0,0,0,0,0,0,0,0,0,0,0,0,0,0,0,0,0,0,0,0,0,0,0,0,0,0

//Marathon

3908,Poring Bomb,Poring Bomb,Poring Bomb,1,999999,0,0,0,2,0,0,0,0,1,1,1,1,1,1,10,12,0,2,64,133,130,390,2040,336,0,0,0,0,0,0,0,0,0,0,0,0,0,0,0,0,0,0,0,0,0,0,0,0,0,0,0,0

//Néraka

3909,Nelson,Nelson,Nelson,120,3500458,5400,0,0,2,25000,12000,45,30,56,200,6,30,120,60,10,12,1,7,63,2181,120,390,2040,336,0,0,0,0,0,0,0,0,0,0,0,0,0,0,0,0,0,0,0,0,0,0,0,0,0,0,0,0
3910,Fauve,Fauve,Fauve,90,150000,5400,0,0,2,17000,8000,30,99,99,95,25,1,80,60,10,12,0,2,62,133,100,390,2040,336,0,0,0,0,0,0,0,0,0,0,0,0,0,0,0,0,0,0,0,0,0,0,0,0,0,0,0,0
3911,Archer Griffor,Archer Griffor,Archer Griffor,67,36000,5400,0,0,8,4200,1200,20,50,15,50,20,50,90,30,10,12,1,7,60,133,150,490,2040,336,0,0,0,0,0,0,0,0,0,0,0,0,0,0,0,0,0,0,0,0,0,0,0,0,0,0,0,0
3912,Soldat Griffor,Soldat Griffor,Soldat Griffor,70,51000,500,0,0,2,8000,3000,60,20,90,30,50,20,50,15,10,12,1,7,60,133,150,450,2040,336,0,0,0,0,0,0,0,0,0,0,0,0,0,0,0,0,0,0,0,0,0,0,0,0,0,0,0,0
3913,Esclavagiste,Esclavagiste,Esclavagiste,99,82000,1500,0,0,2,12000,4500,55,20,99,60,50,20,80,30,10,12,1,7,64,133,120,450,2040,336,0,0,0,0,0,0,0,0,0,0,0,0,0,0,0,0,0,0,0,0,0,0,0,0,0,0,0,0
3914,Hareishan,Hareishan,Hareishan,150,2500000,5400,0,0,2,32000,18000,82,52,150,60,95,42,100,40,10,12,2,9,64,165,120,390,2040,336,1,1,0,0,0,0,0,0,0,0,0,0,0,0,0,0,0,0,0,0,0,0,0,0,0,0,0,0
3915,Natasha,Natasha,Natasha,135,1205000,10400,0,0,2,4000,1000,50,99,20,60,20,150,100,60,10,12,1,8,66,165,150,690,2040,336,1,1,0,0,0,0,0,0,0,0,0,0,0,0,0,0,0,0,0,0,0,0,0,0,0,0,0,0
3916,Davaeorn,Davaeorn,Davaeorn,180,3650000,5400,0,0,2,12000,6000,60,99,50,70,40,200,140,30,10,12,1,2,62,165,130,460,2040,336,1,1,0,0,0,0,0,0,0,0,0,0,0,0,0,0,0,0,0,0,0,0,0,0,0,0,0,0
3917,Golem Magique,Golem Magique,Golem Magique,70,70200,400,0,0,2,8500,4000,20,50,85,35,80,1,30,1,10,12,0,7,64,165,120,350,2040,336,0,0,0,0,0,0,0,0,0,0,0,0,0,0,0,0,0,0,0,0,0,0,0,0,0,0,0,0
3918,Colonel Kadafik,Colonel Kadafik,Colonel Kadafik,165,2600000,6000,0,0,2,19500,6200,53,36,120,60,56,30,95,80,10,12,1,7,85,165,126,390,2040,336,1,1,0,0,0,0,0,0,0,0,0,0,0,0,0,0,0,0,0,0,0,0,0,0,0,0,0,0
3919,Comte de Nemours,Comte de Nemours,Comte de Nemours,165,4200000,6000,0,0,2,6500,2200,40,80,50,20,20,200,160,40,10,12,1,7,67,165,140,390,2040,336,1,1,0,0,0,0,0,0,0,0,0,0,0,0,0,0,0,0,0,0,0,0,0,0,0,0,0,0


//Forteresse Gnoll

3920,Chasseur Gnoll,Chasseur Gnoll,Chasseur Gnoll,72,43000,6000,0,0,2,3500,4200,54,5,20,99,10,1,82,1,10,12,2,7,67,165,140,490,2040,436,0,0,0,0,0,0,0,0,0,0,0,0,0,0,0,0,0,0,0,0,0,0,0,0,0,0,0,0
3921,Gnoll,Gnoll,Gnoll,86,58000,6000,0,0,2,5000,1000,60,20,85,30,50,15,54,2,10,12,2,7,67,165,120,390,2040,336,1,1,0,0,0,0,0,0,0,0,0,0,0,0,0,0,0,0,0,0,0,0,0,0,0,0,0,0
3922,Rob,Rob,Rob,125,560000,6000,0,0,2,15000,5200,80,30,130,40,40,10,60,50,10,12,2,7,67,165,150,250,2040,336,0,0,0,0,0,0,0,0,0,0,0,0,0,0,0,0,0,0,0,0,0,0,0,0,0,0,0,0
3923,Roy,Roy,Roy,140,385000,6000,0,0,1,5000,8200,20,90,10,50,20,140,120,60,10,12,2,7,60,133,130,650,2040,336,0,0,0,0,0,0,0,0,0,0,0,0,0,0,0,0,0,0,0,0,0,0,0,0,0,0,0,0
3924,Mc Kenzaie,Mc Kenzaie,Mc Kenzaie,180,2620000,12000,0,0,1,18000,4200,53,70,150,90,11,35,120,1,10,12,2,7,60,133,120,320,2040,336,0,0,0,0,0,0,0,0,0,0,0,0,0,0,0,0,0,0,0,0,0,0,0,0,0,0,0,0

3925,Warika,Warika,Warika,120,950000,5400,0,0,2,26000,10000,30,30,99,95,29,20,120,4,10,12,1,6,63,2229,120,390,2040,336,1,1,0,0,0,0,0,0,0,0,0,0,0,0,0,0,0,0,0,0,0,0,0,0,0,0,0,0
3926,Chikai,Chikai,Chikai,136,452352,2400,0,0,2,99000,120,1,1,250,70,1,1,220,1,10,12,2,4,60,181,100,590,2040,336,0,0,0,0,0,0,0,0,0,0,0,0,0,0,0,0,0,0,0,0,0,0,0,0,0,0,0,0
3927,Palacus,Palacus,Palacus,142,1203000,5400,0,0,2,22000,9200,64,5,99,95,85,120,90,20,10,12,0,2,62,165,130,480,2040,336,1,1,0,0,0,0,0,0,0,0,0,0,0,0,0,0,0,0,0,0,0,0,0,0,0,0,0,0
3928,ChowChow,ChowChow,ChowChow,115,950000,5400,0,0,2,12000,4000,55,42,110,150,20,15,20,32,10,12,1,2,62,165,140,520,2040,336,1,1,0,0,0,0,0,0,0,0,0,0,0,0,0,0,0,0,0,0,0,0,0,0,0,0,0,0
3929,Atila,Atila,Atila,200,150000,5400,0,0,2,17000,8000,30,50,53,80,35,60,150,23,10,12,1,2,62,165,123,420,2040,336,1,1,0,0,0,0,0,0,0,0,0,0,0,0,0,0,0,0,0,0,0,0,0,0,0,0,0,0
3930,Sloth,Sloth,Sloth,160,2300000,5400,0,0,2,28000,12000,30,30,140,63,150,20,80,20,10,12,1,2,62,133,140,470,2040,336,0,0,0,0,0,0,0,0,0,0,0,0,0,0,0,0,0,0,0,0,0,0,0,0,0,0,0,0
3931,Apocalyptica,Apocalyptica,Apocalyptica,142,2500200,5400,0,0,2,20000,4000,50,70,120,60,99,60,150,1,10,12,1,2,62,133,130,520,2040,336,0,0,0,0,0,0,0,0,0,0,0,0,0,0,0,0,0,0,0,0,0,0,0,0,0,0,0,0
3932,Tamruan,Tamruan,Tamruan,90,150000,5400,0,0,2,17000,8000,30,99,99,95,25,1,80,60,10,12,0,2,69,3509,100,390,2040,336,0,0,0,0,0,0,0,0,0,0,0,0,0,0,0,0,0,0,0,0,0,0,0,0,0,0,0,0
3933,Ataka,Ataka,Ataka,145,1400200,5400,0,0,2,12000,6000,54,30,105,120,56,20,100,40,10,12,1,2,62,165,180,520,2040,336,1,1,0,0,0,0,0,0,0,0,0,0,0,0,0,0,0,0,0,0,0,0,0,0,0,0,0,0
3934,Yomiel,Yomiel,Yomiel,75,80520,5400,0,0,2,6000,1400,30,20,80,65,49,30,20,60,10,12,1,2,62,165,140,490,2040,336,0,0,0,0,0,0,0,0,0,0,0,0,0,0,0,0,0,0,0,0,0,0,0,0,0,0,0,0
3935,Ziquiel,Ziquiel,Ziquiel,63,58600,5400,0,0,2,5200,2200,50,15,120,52,86,50,99,20,10,12,2,2,62,133,150,530,2040,336,0,0,0,0,0,0,0,0,0,0,0,0,0,0,0,0,0,0,0,0,0,0,0,0,0,0,0,0
3936,Shemhazai,Shemhazai,Shemhazai,85,39000,5400,0,0,2,6000,1000,25,10,99,95,60,50,80,60,10,12,1,2,62,133,140,510,2040,336,0,0,0,0,0,0,0,0,0,0,0,0,0,0,0,0,0,0,0,0,0,0,0,0,0,0,0,0
3937,Matariel,Matariel,Matariel,90,150000,5400,0,0,2,17000,8000,30,99,99,95,25,1,80,60,10,12,0,4,64,133,100,390,2040,336,0,0,0,0,0,0,0,0,0,0,0,0,0,0,0,0,0,0,0,0,0,0,0,0,0,0,0,0
3938,Fenris,Fenris,Fenris,300,8000500,5400,0,0,2,36000,14000,60,80,200,175,59,70,90,90,10,12,1,2,62,165,100,320,2040,336,1,1,0,0,0,0,0,0,0,0,0,0,0,0,0,0,0,0,0,0,0,0,0,0,0,0,0,0
3939,Fenris2,Fenris2,Fenris2,200,5700000,5400,0,0,2,25000,8000,70,70,99,200,1,99,200,99,10,12,2,2,62,165,120,390,2040,336,1,1,0,0,0,0,0,0,0,0,0,0,0,0,0,0,0,0,0,0,0,0,0,0,0,0,0,0
3940,Stele,Stele,Stele,1,500,5400,0,0,2,0,0,70,70,1,1,1,1,1,1,10,12,2,3,60,68,120,390,2040,336,0,0,0,0,0,0,0,0,0,0,0,0,0,0,0,0,0,0,0,0,0,0,0,0,0,0,0,0

